0.000000e+000
0.000000e+000
0.000000e+000
0.000000e+000
0.000000e+000
1.425171e-002
6.622314e-002
1.190796e-001
1.801758e-001
2.517090e-001
1.525879e-001
5.685425e-002
5.422974e-002
2.529907e-002
-5.343628e-002
-2.362823e-002
3.192139e-002
1.371765e-002
-8.068848e-002
-1.046753e-001
-8.728027e-002
-1.019592e-001
-1.516724e-001
-1.583862e-001
-7.894897e-002
-1.245422e-001
-2.700195e-001
-3.365479e-001
-2.874756e-001
-3.055420e-001
-3.262939e-001
-4.112549e-001
-3.966064e-001
-2.639160e-001
-5.227051e-001
-6.916504e-001
-7.719727e-001
-6.977539e-001
-7.446289e-001
-6.828613e-001
-6.638184e-001
-7.221680e-001
-7.360840e-001
-7.373047e-001
-8.205566e-001
-8.657227e-001
-7.895508e-001
-7.705078e-001
-8.403320e-001
-9.423828e-001
-9.384766e-001
-6.677246e-001
-5.683594e-001
-8.195801e-001
-8.083496e-001
-8.078613e-001
-9.111328e-001
-8.957520e-001
-8.898926e-001
-9.628906e-001
-9.709473e-001
-9.682617e-001
-9.316406e-001
-9.667969e-001
-9.370117e-001
-8.981934e-001
-9.399414e-001
-9.235840e-001
-9.177246e-001
-9.411621e-001
-9.653320e-001
-9.675293e-001
-9.736328e-001
-9.560547e-001
-9.443359e-001
-8.959961e-001
-9.604492e-001
-9.912109e-001
-9.833984e-001
-8.974609e-001
-9.184570e-001
-9.008789e-001
-8.874512e-001
-8.671875e-001
-9.350586e-001
-9.047852e-001
-8.776855e-001
-8.862305e-001
-9.702148e-001
-9.343262e-001
-9.431152e-001
-9.658203e-001
-8.833008e-001
-9.077148e-001
-9.050293e-001
-9.470215e-001
-9.394531e-001
-8.354492e-001
-8.359375e-001
-8.256836e-001
-8.359375e-001
-8.549805e-001
-8.554688e-001
-8.803711e-001
-9.160156e-001
-9.394531e-001
-9.011230e-001
-9.255371e-001
-8.413086e-001
-7.736816e-001
-7.602539e-001
-7.678223e-001
-7.097168e-001
-7.302246e-001
-6.867676e-001
-6.948242e-001
-6.911621e-001
-6.926270e-001
-7.128906e-001
-7.148438e-001
-6.813965e-001
-8.686523e-001
-1.039551e+000
-9.194336e-001
-9.104004e-001
-8.725586e-001
-7.929688e-001
-7.934570e-001
-8.039551e-001
-8.083496e-001
-8.078613e-001
-7.927246e-001
-8.593750e-001
-9.492188e-001
-9.494629e-001
-8.984375e-001
-7.836914e-001
-7.546387e-001
-7.343750e-001
-7.167969e-001
-6.784668e-001
-7.634277e-001
-8.498535e-001
-8.444824e-001
-8.007813e-001
-8.732910e-001
-8.889160e-001
-8.862305e-001
-8.740234e-001
-8.916016e-001
-9.030762e-001
-9.299316e-001
-8.229980e-001
-8.527832e-001
-8.417969e-001
-8.662109e-001
-9.086914e-001
-9.064941e-001
-8.339844e-001
-8.745117e-001
-9.631348e-001
-9.697266e-001
-9.873047e-001
-8.330078e-001
-8.393555e-001
-8.481445e-001
-7.983398e-001
-9.138184e-001
-9.716797e-001
-9.807129e-001
-1.024902e+000
-7.175293e-001
-7.597656e-001
-7.504883e-001
-7.509766e-001
-8.105469e-001
-8.625488e-001
-8.869629e-001
-7.019043e-001
-8.017578e-001
-7.924805e-001
-7.939453e-001
-8.068848e-001
-8.493652e-001
-8.449707e-001
-8.117676e-001
-8.239746e-001
-8.574219e-001
-8.547363e-001
-8.400879e-001
-7.343750e-001
-7.998047e-001
-8.273926e-001
-8.242188e-001
-6.909180e-001
-8.242188e-001
-7.795410e-001
-7.717285e-001
-7.878418e-001
-7.121582e-001
-7.282715e-001
-7.341309e-001
-7.416992e-001
-7.441406e-001
-7.507324e-001
-7.773438e-001
-7.626953e-001
-7.722168e-001
-8.049316e-001
-8.059082e-001
-8.537598e-001
-8.666992e-001
-8.557129e-001
-8.215332e-001
-8.381348e-001
-8.422852e-001
-8.425293e-001
-7.792969e-001
-7.485352e-001
-7.348633e-001
-7.597656e-001
-7.548828e-001
-7.551270e-001
-7.692871e-001
-7.182617e-001
-7.165527e-001
-7.390137e-001
-7.299805e-001
-7.290039e-001
-7.436523e-001
-6.145020e-001
-6.708984e-001
-5.991211e-001
-5.986328e-001
-5.834961e-001
-5.854492e-001
-5.759277e-001
-5.720215e-001
-6.125488e-001
-5.979004e-001
-5.805664e-001
-6.125488e-001
-6.359863e-001
-6.337891e-001
-6.552734e-001
-6.662598e-001
-6.486816e-001
-6.791992e-001
-7.048340e-001
-6.992188e-001
-6.999512e-001
-7.297363e-001
-6.828613e-001
-6.896973e-001
-6.862793e-001
-6.403809e-001
-6.984863e-001
-6.809082e-001
-6.455078e-001
-6.452637e-001
-6.718750e-001
-6.955566e-001
-7.004395e-001
-5.847168e-001
-7.253418e-001
-6.669922e-001
-6.662598e-001
-6.892090e-001
-7.001953e-001
-7.001953e-001
-7.331543e-001
-7.731934e-001
-7.722168e-001
-7.597656e-001
-7.434082e-001
-7.084961e-001
-7.219238e-001
-7.160645e-001
-7.363281e-001
-7.385254e-001
-6.950684e-001
-7.482910e-001
-7.160645e-001
-7.687988e-001
-7.563477e-001
-7.365723e-001
-5.715332e-001
-6.638184e-001
-6.633301e-001
-6.621094e-001
-6.503906e-001
-6.623535e-001
-6.333008e-001
-6.376953e-001
-6.672363e-001
-6.660156e-001
-8.195801e-001
-6.752930e-001
-6.816406e-001
-6.567383e-001
-6.213379e-001
-6.535645e-001
-5.888672e-001
-7.165527e-001
-7.065430e-001
-6.381836e-001
-6.347656e-001
-7.297363e-001
-7.656250e-001
-8.176270e-001
-8.425293e-001
-7.954102e-001
-7.919922e-001
-7.844238e-001
-7.631836e-001
-7.595215e-001
-7.690430e-001
-7.629395e-001
-7.414551e-001
-6.384277e-001
-7.048340e-001
-6.057129e-001
-6.000977e-001
-5.869141e-001
-5.932617e-001
-6.452637e-001
-6.372070e-001
-6.386719e-001
-6.533203e-001
-6.606445e-001
-6.560059e-001
-6.428223e-001
-6.845703e-001
-7.536621e-001
-7.531738e-001
-7.480469e-001
-7.802734e-001
-7.346191e-001
-7.446289e-001
-7.416992e-001
-7.407227e-001
-7.265625e-001
-7.258301e-001
-7.260742e-001
-7.280273e-001
-7.258301e-001
-7.324219e-001
-7.287598e-001
-7.229004e-001
-7.404785e-001
-8.088379e-001
-8.142090e-001
-6.896973e-001
-6.362305e-001
-6.457520e-001
-6.645508e-001
-6.606445e-001
-6.494141e-001
-6.958008e-001
-7.165527e-001
-7.143555e-001
-7.160645e-001
-6.860352e-001
-7.023926e-001
-6.699219e-001
-6.606445e-001
-6.606445e-001
-6.643066e-001
-6.706543e-001
-6.777344e-001
-6.489258e-001
-6.516113e-001
-6.520996e-001
-6.599121e-001
-6.657715e-001
-6.679688e-001
-7.639160e-001
-7.380371e-001
-7.275391e-001
-7.211914e-001
-7.526855e-001
-7.070313e-001
-7.141113e-001
-7.116699e-001
-6.777344e-001
-6.611328e-001
-6.201172e-001
-6.254883e-001
-7.145996e-001
-6.718750e-001
-6.733398e-001
-6.560059e-001
-6.477051e-001
-6.477051e-001
-6.425781e-001
-6.379395e-001
-6.364746e-001
-5.815430e-001
-5.219727e-001
-6.154785e-001
-6.923828e-001
-6.813965e-001
-6.643066e-001
-5.971680e-001
-6.486816e-001
-7.097168e-001
-7.255859e-001
-7.409668e-001
-7.617188e-001
-7.282715e-001
-7.287598e-001
-7.250977e-001
-7.177734e-001
-7.150879e-001
-7.150879e-001
-7.194824e-001
-7.136230e-001
-7.192383e-001
-7.192383e-001
-7.211914e-001
-7.231445e-001
-7.153320e-001
-7.238770e-001
-7.265625e-001
-7.463379e-001
-8.288574e-001
-8.461914e-001
-7.912598e-001
-7.399902e-001
-7.529297e-001
-7.875977e-001
-7.792969e-001
-7.229004e-001
-7.770996e-001
-8.088379e-001
-8.344727e-001
-8.496094e-001
-9.150391e-001
-8.696289e-001
-8.779297e-001
-8.352051e-001
-7.385254e-001
-8.696289e-001
-8.901367e-001
-8.500977e-001
-8.613281e-001
-8.239746e-001
-8.171387e-001
-8.198242e-001
-8.208008e-001
-8.181152e-001
-7.900391e-001
-7.980957e-001
-8.181152e-001
-8.200684e-001
-8.146973e-001
-8.039551e-001
-7.949219e-001
-8.090820e-001
-8.051758e-001
-8.178711e-001
-8.532715e-001
-8.435059e-001
-9.028320e-001
-8.874512e-001
-9.150391e-001
-9.140625e-001
-9.003906e-001
-9.077148e-001
-8.798828e-001
-8.847656e-001
-8.894043e-001
-9.116211e-001
-8.754883e-001
-8.984375e-001
-8.935547e-001
-8.378906e-001
-8.730469e-001
-8.688965e-001
-8.854980e-001
-8.771973e-001
-8.801270e-001
-8.598633e-001
-8.593750e-001
-7.670898e-001
-8.361816e-001
-8.491211e-001
-8.630371e-001
-9.230957e-001
-1.002441e+000
-1.007324e+000
-9.975586e-001
-9.367676e-001
-9.304199e-001
-8.537598e-001
-8.325195e-001
-8.125000e-001
-7.888184e-001
-7.841797e-001
-7.851563e-001
-7.917480e-001
-8.039551e-001
-8.110352e-001
-7.871094e-001
-7.490234e-001
-7.524414e-001
-7.695313e-001
-7.817383e-001
-7.724609e-001
-7.963867e-001
-7.709961e-001
-7.802734e-001
-7.812500e-001
-7.509766e-001
-7.595215e-001
-7.548828e-001
-7.709961e-001
-7.712402e-001
-7.465820e-001
-7.287598e-001
-7.570801e-001
-7.436523e-001
-7.570801e-001
-7.824707e-001
-7.839355e-001
-8.146973e-001
-7.937012e-001
-7.946777e-001
-8.071289e-001
-8.215332e-001
-8.171387e-001
-8.103027e-001
-8.586426e-001
-8.588867e-001
-8.645020e-001
-9.155273e-001
-8.884277e-001
-8.642578e-001
-8.090820e-001
-7.487793e-001
-7.578125e-001
-7.951660e-001
-7.983398e-001
-7.663574e-001
-7.824707e-001
-6.838379e-001
-6.716309e-001
-6.635742e-001
-6.757813e-001
-6.884766e-001
-6.855469e-001
-7.368164e-001
-7.834473e-001
-8.254395e-001
-8.666992e-001
-6.604004e-001
-7.539063e-001
-7.065430e-001
-7.062988e-001
-7.155762e-001
-6.975098e-001
-6.855469e-001
-6.870117e-001
-6.550293e-001
-6.972656e-001
-7.548828e-001
-7.561035e-001
-7.849121e-001
-7.929688e-001
-7.656250e-001
-7.412109e-001
-7.172852e-001
-7.133789e-001
-7.185059e-001
-7.497559e-001
-7.531738e-001
-7.817383e-001
-7.827148e-001
-7.858887e-001
-7.695313e-001
-7.934570e-001
-8.098145e-001
-8.271484e-001
-7.658691e-001
-7.697754e-001
-8.947754e-001
-8.398438e-001
-8.366699e-001
-8.815918e-001
-8.503418e-001
-8.828125e-001
-8.859863e-001
-8.935547e-001
-8.315430e-001
-8.139648e-001
-8.652344e-001
-9.042969e-001
-9.208984e-001
-1.031738e+000
-1.011719e+000
-9.833984e-001
-8.046875e-001
-1.045898e+000
-9.157715e-001
-9.050293e-001
-7.934570e-001
-8.037109e-001
-8.066406e-001
-8.066406e-001
-7.727051e-001
-7.807617e-001
-7.832031e-001
-7.463379e-001
-7.348633e-001
-7.341309e-001
-6.870117e-001
-7.187500e-001
-8.164063e-001
-7.707520e-001
-7.646484e-001
-7.951660e-001
-7.814941e-001
-7.866211e-001
-7.534180e-001
-7.592773e-001
-7.717285e-001
-7.729492e-001
-7.890625e-001
-7.658691e-001
-7.612305e-001
-7.641602e-001
-7.648926e-001
-7.409668e-001
-6.647949e-001
-7.534180e-001
-6.979980e-001
-6.589355e-001
-6.679688e-001
-6.723633e-001
-7.236328e-001
-6.735840e-001
-6.750488e-001
-6.745605e-001
-6.989746e-001
-7.038574e-001
-6.970215e-001
-7.233887e-001
-7.197266e-001
-7.138672e-001
-7.136230e-001
-7.053223e-001
-7.165527e-001
-7.307129e-001
-7.170410e-001
-7.937012e-001
-7.851563e-001
-7.924805e-001
-6.918945e-001
-7.089844e-001
-8.288574e-001
-8.769531e-001
-8.540039e-001
-8.249512e-001
-7.734375e-001
-7.812500e-001
-7.868652e-001
-7.392578e-001
-7.609863e-001
-7.924805e-001
-7.758789e-001
-7.751465e-001
-7.756348e-001
-8.146973e-001
-8.139648e-001
-8.413086e-001
-8.249512e-001
-8.315430e-001
-8.200684e-001
-7.866211e-001
-7.858887e-001
-7.304688e-001
-7.314453e-001
-7.319336e-001
-7.358398e-001
-8.505859e-001
-8.349609e-001
-8.496094e-001
-8.242188e-001
-8.381348e-001
-8.356934e-001
-8.686523e-001
-8.669434e-001
-8.464355e-001
-8.474121e-001
-8.620605e-001
-9.113770e-001
-9.011230e-001
-9.753418e-001
-9.160156e-001
-8.977051e-001
-8.994141e-001
-8.972168e-001
-8.632813e-001
-8.593750e-001
-8.571777e-001
-8.588867e-001
-8.588867e-001
-8.859863e-001
-8.503418e-001
-8.251953e-001
-7.883301e-001
-7.651367e-001
-8.479004e-001
-8.171387e-001
-8.125000e-001
-8.090820e-001
-7.731934e-001
-7.558594e-001
-7.414551e-001
-7.360840e-001
-7.270508e-001
-7.463379e-001
-7.375488e-001
-7.280273e-001
-7.346191e-001
-7.409668e-001
-7.329102e-001
-7.705078e-001
-7.121582e-001
-7.424316e-001
-7.426758e-001
-7.004395e-001
-7.856445e-001
-8.466797e-001
-7.800293e-001
-7.795410e-001
-7.924805e-001
-8.410645e-001
-8.159180e-001
-7.639160e-001
-7.758789e-001
-8.198242e-001
-8.200684e-001
-7.541504e-001
-7.092285e-001
-6.765137e-001
-7.221680e-001
-7.072754e-001
-7.243652e-001
-7.243652e-001
-7.375488e-001
-7.478027e-001
-6.269531e-001
-6.323242e-001
-6.379395e-001
-7.070313e-001
-7.258301e-001
-7.187500e-001
-7.700195e-001
-6.496582e-001
-6.762695e-001
-6.796875e-001
-6.757813e-001
-7.185059e-001
-6.853027e-001
-6.748047e-001
-6.772461e-001
-7.075195e-001
-7.060547e-001
-7.160645e-001
-7.180176e-001
-7.158203e-001
-7.143555e-001
-7.219238e-001
-6.853027e-001
-6.735840e-001
-5.988770e-001
-6.567383e-001
-9.055176e-001
-8.579102e-001
-8.718262e-001
-7.185059e-001
-8.300781e-001
-8.718262e-001
-8.676758e-001
-8.811035e-001
-9.252930e-001
-8.632813e-001
-8.564453e-001
-9.345703e-001
-9.440918e-001
-8.957520e-001
-8.811035e-001
-8.842773e-001
-9.208984e-001
-8.776855e-001
-7.783203e-001
-1.175781e+000
-9.645996e-001
-9.680176e-001
-9.875488e-001
-7.465820e-001
-7.250977e-001
-7.126465e-001
-7.661133e-001
-7.915039e-001
-7.756348e-001
-8.002930e-001
-8.037109e-001
-8.049316e-001
-8.979492e-001
-9.204102e-001
-9.074707e-001
-8.833008e-001
-8.830566e-001
-8.703613e-001
-8.537598e-001
-8.833008e-001
-8.500977e-001
-8.806152e-001
-9.072266e-001
-9.047852e-001
-8.356934e-001
-8.774414e-001
-8.100586e-001
-8.164063e-001
-8.083496e-001
-8.098145e-001
-8.095703e-001
-7.941895e-001
-8.073730e-001
-8.024902e-001
-8.000488e-001
-7.749023e-001
-7.507324e-001
-7.331543e-001
-7.905273e-001
-7.519531e-001
-7.436523e-001
-7.687988e-001
-7.341309e-001
-7.338867e-001
-7.338867e-001
-7.299805e-001
-7.224121e-001
-7.194824e-001
-8.039551e-001
-8.088379e-001
-8.134766e-001
-7.583008e-001
-7.624512e-001
-7.412109e-001
-7.414551e-001
-7.419434e-001
-7.199707e-001
-7.082520e-001
-7.341309e-001
-7.646484e-001
-7.907715e-001
-7.751465e-001
-7.707520e-001
-7.253418e-001
-6.975098e-001
-6.848145e-001
-6.989746e-001
-6.975098e-001
-7.216797e-001
-8.320313e-001
-8.637695e-001
-8.432617e-001
-8.037109e-001
-9.816895e-001
-8.691406e-001
-8.557129e-001
-9.331055e-001
-9.096680e-001
-9.140625e-001
-8.652344e-001
-9.201660e-001
-8.681641e-001
-8.803711e-001
-8.986816e-001
-9.533691e-001
-8.974609e-001
-9.201660e-001
-9.667969e-001
-9.931641e-001
-9.123535e-001
-7.167969e-001
-7.153320e-001
-8.164063e-001
-8.054199e-001
-8.020020e-001
-8.266602e-001
-9.086914e-001
-9.155273e-001
-9.182129e-001
-8.320313e-001
-7.888184e-001
-7.497559e-001
-7.512207e-001
-7.280273e-001
-7.226563e-001
-7.167969e-001
-7.224121e-001
-7.321777e-001
-7.426758e-001
-7.473145e-001
-7.458496e-001
-7.355957e-001
-7.368164e-001
-7.504883e-001
-7.443848e-001
-7.429199e-001
-7.446289e-001
-7.321777e-001
-6.918945e-001
-8.378906e-001
-7.814941e-001
-8.342285e-001
-8.361816e-001
-8.715820e-001
-7.812500e-001
-7.451172e-001
-7.431641e-001
-7.500000e-001
-7.570801e-001
-7.543945e-001
-7.895508e-001
-7.434082e-001
-7.661133e-001
-7.668457e-001
-8.012695e-001
-7.695313e-001
-7.893066e-001
-7.907715e-001
-8.161621e-001
-7.658691e-001
-7.595215e-001
-7.592773e-001
-7.673340e-001
-7.646484e-001
-7.666016e-001
-7.585449e-001
-7.617188e-001
-7.583008e-001
-7.404785e-001
-7.443848e-001
-7.663574e-001
-7.644043e-001
-6.967773e-001
-6.591797e-001
-6.755371e-001
-8.120117e-001
-8.928223e-001
-9.001465e-001
-8.854980e-001
-8.139648e-001
-7.922363e-001
-8.684082e-001
-8.869629e-001
-8.491211e-001
-8.481445e-001
-9.067383e-001
-8.984375e-001
-8.889160e-001
-7.844238e-001
-8.662109e-001
-9.162598e-001
-8.999023e-001
-7.548828e-001
-9.375000e-001
-1.008789e+000
-1.020020e+000
-1.058594e+000
-8.222656e-001
-8.923340e-001
-9.001465e-001
-9.370117e-001
-8.898926e-001
-1.102539e+000
-1.066895e+000
-1.046387e+000
-1.148438e+000
-9.333496e-001
-8.896484e-001
-7.304688e-001
-7.441406e-001
-7.739258e-001
-7.958984e-001
-8.061523e-001
-7.622070e-001
-8.461914e-001
-8.425293e-001
-8.796387e-001
-9.487305e-001
-9.599609e-001
-9.301758e-001
-8.369141e-001
-7.795410e-001
