   0.0000000e+00
   6.2831853e-02
   1.2566371e-01
   1.8849556e-01
   2.5132741e-01
   3.1415927e-01
   3.7699112e-01
   4.3982297e-01
   5.0265482e-01
   5.6548668e-01
   6.2831853e-01
   6.9115038e-01
   7.5398224e-01
   8.1681409e-01
   8.7964594e-01
   9.4247780e-01
   1.0053096e+00
   1.0681415e+00
   1.1309734e+00
   1.1938052e+00
   1.2566371e+00
   1.3194689e+00
   1.3823008e+00
   1.4451326e+00
   1.5079645e+00
   1.5707963e+00
   1.6336282e+00
   1.6964600e+00
   1.7592919e+00
   1.8221237e+00
   1.8849556e+00
   1.9477874e+00
   2.0106193e+00
   2.0734512e+00
   2.1362830e+00
   2.1991149e+00
   2.2619467e+00
   2.3247786e+00
   2.3876104e+00
   2.4504423e+00
   2.5132741e+00
   2.5761060e+00
   2.6389378e+00
   2.7017697e+00
   2.7646015e+00
   2.8274334e+00
   2.8902652e+00
   2.9530971e+00
   3.0159289e+00
   3.0787608e+00
   3.1415927e+00
   3.2044245e+00
   3.2672564e+00
   3.3300882e+00
   3.3929201e+00
   3.4557519e+00
   3.5185838e+00
   3.5814156e+00
   3.6442475e+00
   3.7070793e+00
   3.7699112e+00
   3.8327430e+00
   3.8955749e+00
   3.9584067e+00
   4.0212386e+00
   4.0840704e+00
   4.1469023e+00
   4.2097342e+00
   4.2725660e+00
   4.3353979e+00
   4.3982297e+00
   4.4610616e+00
   4.5238934e+00
   4.5867253e+00
   4.6495571e+00
   4.7123890e+00
   4.7752208e+00
   4.8380527e+00
   4.9008845e+00
   4.9637164e+00
   5.0265482e+00
   5.0893801e+00
   5.1522120e+00
   5.2150438e+00
   5.2778757e+00
   5.3407075e+00
   5.4035394e+00
   5.4663712e+00
   5.5292031e+00
   5.5920349e+00
   5.6548668e+00
   5.7176986e+00
   5.7805305e+00
   5.8433623e+00
   5.9061942e+00
   5.9690260e+00
   6.0318579e+00
   6.0946897e+00
   6.1575216e+00
   6.2203535e+00
