0.000000
-0.023438
0.785156
-1.457031
1.527344
-1.082031
-7.800781
31.289063
38.972656
0.042969
12.589844
27.402344
4.925781
4.621094
2.230469
1.691406
38.996094
22.039063
-9.574219
38.218750
24.312500
-87.968750
-68.449219
60.191406
48.089844
-37.335938
-60.050781
-72.355469
-72.972656
-56.785156
-54.105469
-70.625000
-73.656250
-30.546875
-2.691406
5.945313
30.347656
-12.394531
-92.253906
-49.101563
54.945313
59.273438
34.898438
61.015625
41.101563
-46.437500
-97.972656
-102.191406
-58.812500
23.777344
84.109375
79.511719
-3.054688
-37.246094
52.937500
61.554688
-18.097656
13.820313
88.539063
91.750000
50.917969
8.902344
-9.171875
-14.742188
-10.320313
16.031250
37.308594
9.664063
-45.378906
-70.125000
-44.261719
0.492188
50.750000
84.472656
20.617188
-83.871094
-92.519531
-45.503906
9.324219
88.445313
82.945313
13.558594
44.710938
81.265625
59.296875
86.144531
90.679688
49.886719
40.875000
-6.597656
-74.730469
-32.933594
25.847656
0.679688
4.363281
74.714844
107.679688
56.984375
-0.164063
16.921875
92.546875
105.097656
27.808594
-20.792969
-32.519531
-58.703125
-42.261719
50.925781
101.003906
68.871094
31.671875
16.050781
29.312500
91.269531
132.105469
77.652344
-2.277344
-43.226563
-29.226563
48.531250
105.605469
91.304688
41.574219
-19.875000
-16.261719
29.828125
-1.046875
-28.347656
48.125000
104.265625
48.578125
2.808594
20.890625
13.441406
-50.570313
-63.765625
-15.996094
-4.613281
9.972656
66.679688
68.992188
-1.593750
-7.738281
52.375000
70.320313
44.292969
0.425781
-29.250000
-14.093750
57.117188
