0
-3
96
-38
-13
118
-117
120
-80
42
22
44
-36
30
79
-123
-107
121
38
-69
-25
-97
-60
-62
-43
-89
-39
-97
97
-104
109
-26
-116
-41
60
75
11
47
100
-114
-51
-116
-78
56
56
96
21
-110
107
76
-55
11
123
54
86
-18
-8
15
-59
63
0
37
-50
-93
-7
-36
73
71
42
-94
-123
15
-51
112
122
-55
76
101
24
97
113
12
58
19
-121
-14
37
5
-33
111
84
89
-33
23
95
110
42
-75
39
-110
-24
42
110
79
-4
65
-22
120
124
92
-29
-12
-65
72
97
105
14
25
-90
101
-13
-76
101
66
97
-55
44
41
-97
-24
-58
55
-56
101
83
-29
-1
49
85
27
19
-45
-12
54
98
56
-123
44
-16
-16
