0.000000e+000
0.000000e+000
0.000000e+000
-1.000000e+000
0.000000e+000
-2.000000e+000
1.000000e+000
-2.000000e+000
-8.000000e+000
3.100000e+001
3.800000e+001
0.000000e+000
1.200000e+001
2.700000e+001
4.000000e+000
4.000000e+000
2.000000e+000
1.000000e+000
3.800000e+001
2.200000e+001
-1.000000e+001
3.800000e+001
2.400000e+001
-8.800000e+001
-6.900000e+001
6.000000e+001
4.800000e+001
-3.800000e+001
-6.100000e+001
-7.300000e+001
-7.300000e+001
-5.700000e+001
-5.500000e+001
-7.100000e+001
-7.400000e+001
-3.100000e+001
-3.000000e+000
5.000000e+000
3.000000e+001
-1.300000e+001
-9.300000e+001
-5.000000e+001
5.400000e+001
5.900000e+001
3.400000e+001
6.100000e+001
4.100000e+001
-4.700000e+001
-9.800000e+001
-1.030000e+002
-5.900000e+001
2.300000e+001
8.400000e+001
7.900000e+001
-4.000000e+000
-3.800000e+001
5.200000e+001
6.100000e+001
-1.900000e+001
1.300000e+001
8.800000e+001
9.100000e+001
5.000000e+001
8.000000e+000
-1.000000e+001
-1.500000e+001
-1.100000e+001
1.600000e+001
3.700000e+001
9.000000e+000
-4.600000e+001
-7.100000e+001
-4.500000e+001
0.000000e+000
5.000000e+001
8.400000e+001
2.000000e+001
-8.400000e+001
-9.300000e+001
-4.600000e+001
9.000000e+000
8.800000e+001
8.200000e+001
1.300000e+001
4.400000e+001
8.100000e+001
5.900000e+001
8.600000e+001
9.000000e+001
4.900000e+001
4.000000e+001
-7.000000e+000
-7.500000e+001
-3.300000e+001
2.500000e+001
0.000000e+000
4.000000e+000
7.400000e+001
1.070000e+002
5.600000e+001
-1.000000e+000
1.600000e+001
9.200000e+001
1.050000e+002
2.700000e+001
-2.100000e+001
-3.300000e+001
-5.900000e+001
-4.300000e+001
5.000000e+001
1.010000e+002
6.800000e+001
3.100000e+001
1.600000e+001
2.900000e+001
9.100000e+001
-1.240000e+002
7.700000e+001
-3.000000e+000
-4.400000e+001
-3.000000e+001
4.800000e+001
1.050000e+002
9.100000e+001
4.100000e+001
-2.000000e+001
-1.700000e+001
2.900000e+001
-2.000000e+000
-2.900000e+001
4.800000e+001
1.040000e+002
4.800000e+001
2.000000e+000
2.000000e+001
1.300000e+001
-5.100000e+001
-6.400000e+001
-1.600000e+001
-5.000000e+000
9.000000e+000
6.600000e+001
6.800000e+001
-2.000000e+000
-8.000000e+000
5.200000e+001
7.000000e+001
4.400000e+001
0.000000e+000
-3.000000e+001
-1.500000e+001
5.700000e+001
