  0.0000000e+000
  0.0000000e+000
  6.8460981e-001
  2.2996684e+000
  1.1138779e+000
  1.2511650e+000
  2.5780622e+000
  3.0133656e+000
  2.7242765e+000
  1.2962950e-001
 -1.3043293e+000
 -1.3712673e+000
  6.1982643e-001
  3.0072318e+000
  3.3058553e+000
  2.3579691e+000
  1.0483255e+000
 -1.4415114e+000
 -1.8937948e+000
 -1.3894904e+000
 -1.6615205e-001
  1.8462446e+000
  2.9794633e+000
  3.5751335e+000
  1.5170649e+000
 -1.4948693e+000
 -3.4816411e+000
 -3.4117715e+000
 -1.3585791e+000
  3.2739188e-001
  3.8134816e+000
  5.0162284e+000
  4.9075485e+000
  1.5319604e+000
 -2.9785887e+000
 -6.0705979e+000
 -4.7604867e+000
 -6.5521227e-001
  2.1922181e+000
  1.3597898e+000
 -1.4066789e+000
 -2.8721471e+000
 -1.7771937e+000
  1.8044848e+000
  4.4254349e+000
  4.9186680e+000
  2.4930948e+000
 -1.5219461e+000
 -5.9069963e+000
 -5.9080169e+000
 -4.0564238e+000
 -3.0127251e+000
  6.5414746e-001
  3.1928514e+000
  3.9368405e+000
  1.2752343e+000
 -1.7801206e+000
 -3.1711682e+000
 -3.5568906e-001
  2.7782492e+000
  3.1119149e+000
  1.4138988e+000
 -1.8409691e+000
 -2.4012780e+000
 -1.9592001e+000
  7.8698881e-001
  2.2956348e+000
  2.1766172e+000
 -1.7739770e-001
 -2.7989782e+000
 -2.3118684e+000
  3.4821597e-001
  2.2406719e+000
  3.7397327e+000
  3.2089980e+000
 -3.0874655e-001
 -3.9198937e+000
 -5.5170622e+000
 -4.2109931e+000
 -6.8833026e-001
  2.7180971e+000
  3.3650886e+000
  2.3949202e+000
 -7.0962818e-001
 -2.5281072e+000
 -4.5170860e+000
 -3.8581040e+000
 -3.4140671e-001
  2.8350636e+000
  5.2769437e+000
  4.1632028e+000
  1.2182781e+000
 -2.2710142e+000
 -4.1472725e+000
 -2.7490958e+000
  2.4717547e-001
  1.0134826e+000
  9.9888003e-001
  9.6036587e-001
 -8.0189994e-002
 -1.8955360e+000
 -2.1303592e+000
 -4.7283928e-001
  2.1168629e+000
  5.5565171e+000
  6.4683188e+000
  4.2136145e+000
  6.9349816e-001
 -1.7114062e+000
 -2.1314321e+000
 -1.6000499e+000
 -2.0540296e+000
 -1.2996393e+000
 -1.4737644e+000
 -1.0055424e+000
 -5.9537872e-001
 -1.1569083e-001
  1.9315182e+000
  3.7475693e+000
  5.1763852e+000
  3.1380199e+000
 -1.9949963e+000
 -3.7843546e+000
 -2.7227911e+000
 -2.1874868e-001
  6.5174555e-001
  1.0848700e+000
 -2.4021711e-002
 -1.1006885e+000
 -2.1306259e+000
 -2.3514875e+000
  3.6973493e-001
  4.3602550e+000
  4.7138899e+000
  1.9412237e+000
 -6.4933117e-001
 -1.5966974e+000
 -3.0863255e+000
 -3.4147824e+000
 -2.9898881e+000
 -5.7657883e-001
  2.9735517e+000
  3.8759575e+000
  3.1325524e+000
  1.0598960e-001
 -2.8512019e+000
 -2.4366230e+000
 -5.9242270e-001
  1.7761948e+000
  3.6210305e+000
  2.1062710e+000
  5.9050657e-001
 -1.7109092e+000
 -1.6745152e+000
  1.4741119e-001
  2.8918523e+000
  3.9995688e+000
  3.5159866e+000
  8.0210469e-001
 -3.3032031e+000
 -5.3640447e+000
 -3.4623447e+000
 -5.1965317e-001
  2.2663570e+000
  4.3793811e+000
  5.3112817e+000
  3.1357860e+000
 -1.1428306e+000
 -4.7036953e+000
 -3.1771876e+000
 -2.0820186e+000
  1.3160853e-001
  1.5305908e+000
  1.7518360e+000
 -7.8774380e-001
 -3.8878325e+000
 -2.7268195e+000
 -2.0762987e+000
  1.0820031e+000
  2.7458707e+000
  2.3756409e+000
  4.3176702e-001
 -2.2978467e+000
 -2.5725891e+000
 -1.7535507e+000
  2.3393867e-001
  2.6789785e+000
  3.5610393e+000
  2.3313376e+000
  1.3834642e+000
 -1.3043093e+000
 -3.7571199e+000
 -3.9092300e+000
 -3.7788822e+000
 -1.0505821e+000
  1.1411486e+000
  1.9622855e+000
  1.0005224e+000
  1.6714074e+000
  7.0876083e-001
 -4.6783410e-001
 -1.6687384e+000
 -1.5824027e+000
 -6.1611618e-001
  1.2357067e+000
  8.8184408e-001
 -2.2516520e-001
 -2.8170600e+000
 -3.1389372e+000
 -7.7573204e-001
  1.9636537e+000
  2.2904794e+000
  1.8382385e+000
 -4.5868554e-002
 -1.7081362e+000
 -1.6506431e+000
 -2.3467615e+000
 -2.5405879e+000
 -1.7790967e+000
  5.8782658e-002
  1.2902325e+000
  1.4364847e+000
  3.0031560e-001
  1.0491557e+000
  1.4125269e+000
 -2.2242685e-002
 -7.5420962e-001
 -3.0774789e+000
 -2.3957100e+000
 -2.7153795e+000
 -9.1825575e-001
 -6.4783181e-001
 -2.9919164e-001
 -1.1692467e+000
 -1.0182639e+000
 -1.0216527e+000
 -9.2033441e-001
  1.3833123e+000
  1.4951446e+000
  1.6314616e+000
  9.8713380e-002
 -1.5964203e+000
 -8.4183811e-001
  6.9982435e-001
  2.0153950e+000
  3.1525694e+000
  1.7920128e+000
 -4.3933513e-001
 -1.6143789e+000
 -1.4734074e+000
  3.4930764e-001
 -1.2158694e-001
 -1.3452641e+000
 -2.8750562e+000
 -4.1164361e+000
 -2.3225425e+000
 -6.4507833e-002
  7.4285084e-001
  7.9787999e-001
 -1.3247648e+000
 -3.5557398e+000
 -3.1402889e+000
 -2.8469642e+000
  4.2379977e-001
  1.5305791e+000
  1.5497620e+000
  7.9101232e-003
 -1.4151567e+000
 -1.3956630e+000
  5.9324126e-001
  3.1008383e+000
  3.0399744e+000
  1.1780658e+000
 -7.1856995e-001
 -2.0934811e-001
  1.2150624e+000
  7.7199023e-002
 -1.6194574e+000
 -3.2490814e+000
 -3.7640215e+000
 -1.4427015e+000
  7.4312568e-001
  3.7144523e+000
  4.6516788e+000
  3.2331389e+000
  2.4425423e+000
  9.9897312e-002
 -1.4824957e+000
 -1.3555874e+000
 -1.1677587e+000
 -2.0154838e-001
 -7.2848436e-001
  2.6960239e-001
  2.8314709e+000
  3.6935112e+000
  2.1925455e-001
 -8.3117295e-001
 -2.5155594e+000
 -3.7979180e+000
 -3.6578933e+000
 -1.8485038e+000
 -7.7838343e-001
  3.5555433e+000
  4.2241156e+000
  3.3810250e+000
  1.5665574e+000
 -1.5913159e+000
 -4.2144286e+000
 -2.3932216e+000
  1.0925822e+000
  2.2279343e+000
  1.6707107e+000
  2.0902142e-001
 -4.4949011e-001
  2.3555380e-001
  1.6668313e+000
  2.9058287e+000
  2.6461423e+000
  2.6968435e+000
  4.4783298e-001
  4.6740332e-001
  9.1132461e-001
  2.2399563e+000
  1.8915694e+000
 -1.8055639e-001
 -1.2233831e+000
 -9.3428230e-001
  2.9182536e-001
  1.3340363e+000
  2.1418162e+000
  2.1455222e+000
  2.2631215e-001
 -2.8166782e+000
 -3.3098666e+000
 -1.7589371e+000
  9.3774817e-001
  1.1344343e+000
  3.7651643e-002
 -6.7110447e-001
  4.6018349e-001
 -6.8477262e-002
 -3.2881794e-001
 -1.4371627e-001
  3.6905344e-001
 -2.2447372e-001
 -1.4013808e+000
 -2.1503307e+000
 -1.5331176e+000
  2.7704060e-001
  3.6626868e+000
  2.8390147e+000
  1.6379002e+000
  8.2838647e-001
 -3.7312271e-001
 -2.0936540e+000
 -2.7091842e+000
 -2.0886530e+000
  1.1417445e-001
  2.0812444e+000
  3.2728106e+000
  2.3998499e+000
  9.8934258e-001
 -7.8220038e-001
 -4.4168631e-003
 -7.6904219e-002
  6.3865158e-001
  3.1306700e+000
  2.8861143e+000
  1.2082142e+000
 -3.0733469e-002
 -9.2739730e-001
 -2.0148054e-001
  7.9089986e-001
  2.5369038e+000
  2.3720903e+000
 -7.6395423e-001
 -2.1044275e+000
 -2.4199083e+000
 -1.3283364e+000
  9.0055421e-001
  2.8251326e-001
 -7.2914253e-001
 -5.6940387e-001
 -2.4147700e+000
 -3.7291692e+000
 -3.6070089e+000
 -2.0557003e+000
  9.7020079e-001
  1.5716760e+000
  1.0884076e+000
  7.4518190e-001
  5.3683635e-001
  1.4320371e-001
  3.0367764e-001
  1.8461067e+000
  2.2293788e+000
  2.9678051e+000
  3.7714140e+000
  1.9149672e+000
 -1.0100125e+000
 -2.2292578e+000
 -2.7708555e+000
 -3.3764152e+000
 -1.7813719e+000
  9.0300177e-001
  2.7894599e+000
  1.8569901e+000
 -2.8808581e-001
 -8.4051768e-001
 -6.5647832e-001
 -3.4801511e-001
 -4.8526520e-001
 -6.9893421e-001
 -4.6679744e-001
  2.7610772e-001
  2.7433859e-002
 -1.1845134e+000
 -1.4860405e+000
 -7.6893544e-001
  2.5916700e-001
  3.3695382e-001
 -1.4410389e+000
 -2.2788108e+000
 -8.6747712e-001
  2.5524506e+000
  4.4681124e+000
  3.9556017e+000
  1.8783308e+000
 -7.0526809e-001
 -3.2315818e+000
 -4.1514515e+000
 -3.8142493e+000
 -1.6378288e+000
  1.1889373e+000
  3.6804736e+000
  3.3128588e+000
  2.7678470e-001
 -2.0043083e+000
 -4.2116536e+000
 -4.7800743e+000
 -4.2778822e+000
 -1.5139990e+000
  1.8651561e+000
  2.5917014e+000
  1.5543561e+000
  5.2702043e-001
 -3.5557422e-001
 -1.1575586e+000
 -1.1221581e+000
 -6.6125686e-001
 -1.2155125e+000
 -5.0458861e-001
  1.1183272e+000
  2.0851433e+000
  2.0996041e+000
  1.3786065e+000
  3.9642754e-001
 -1.0665882e+000
 -1.2782637e+000
 -2.6777173e-001
  2.0714595e+000
  1.1626931e+000
 -1.7299236e+000
 -2.4880179e+000
 -6.3270943e-001
  1.5261757e+000
  1.2575422e+000
 -2.0794122e-001
 -2.6958976e-001
  1.0575158e+000
  2.2720774e+000
  5.6333399e-001
 -6.7079076e-001
 -3.2532218e+000
 -3.3711566e+000
 -1.7759500e+000
  1.2287667e+000
  2.8746168e+000
  1.6277334e+000
 -5.5739217e-001
 -2.1505583e+000
 -3.7825643e+000
 -2.7645973e+000
 -1.3370271e+000
  1.6521785e+000
  3.6721892e+000
  2.8361797e+000
 -4.7942641e-001
 -4.5895989e+000
 -4.5589403e+000
 -7.6817528e-001
  2.9817741e+000
  3.8275278e+000
  2.9327316e+000
  6.8627048e-001
 -1.2286558e+000
 -3.9389389e-001
  2.9071277e-001
  8.0638046e-001
 -3.8361006e-001
 -1.8635964e+000
 -1.0335499e+000
 -3.5544487e-001
 -1.4603630e+000
 -1.0081647e+000
  4.7610828e-001
  1.9407606e+000
  2.9118278e+000
  1.4655532e+000
 -1.3536929e-001
 -1.6119430e+000
 -1.5042129e+000
 -1.4843572e+000
 -4.0397691e-001
  4.8099367e-001
  2.8815329e+000
  3.1601291e+000
  2.1093951e+000
  5.8497542e-001
 -1.4657982e+000
 -1.1553860e+000
  1.2450751e-001
  2.1222938e+000
  1.9229653e+000
 -8.0365087e-002
 -1.1174028e+000
 -6.7231384e-001
  6.6603367e-001
  2.3733507e+000
  2.5541787e+000
  1.2202349e+000
 -1.5643295e+000
 -2.8870499e+000
 -1.8428494e+000
  1.2468778e+000
  2.3520584e+000
  2.4658580e+000
  1.9767738e+000
  1.6156080e+000
  3.2272633e-001
 -1.9786718e+000
 -3.1984251e+000
 -3.2590223e+000
 -1.5749534e+000
 -1.0054558e+000
 -6.6364828e-001
 -6.2147359e-001
  5.1530553e-001
  2.1384223e+000
  2.8285134e+000
  1.2106663e+000
 -1.3326472e+000
 -4.3900797e+000
 -3.1848269e+000
 -2.3419577e+000
  4.2815009e-001
  1.2983702e+000
  1.3587485e+000
  4.4619445e-001
  2.5492348e-001
  1.3612195e+000
  1.2708475e+000
  1.8448035e+000
 -1.1203693e-001
 -2.9839277e+000
 -3.0568038e+000
 -9.2919974e-001
  1.4453193e+000
  9.4755210e-001
  8.0828567e-001
  1.4821605e+000
  1.3845136e+000
  3.9086065e-001
 -1.6653200e+000
 -2.6487657e+000
 -9.8591258e-001
  9.7787635e-001
  2.0327454e+000
  2.3593030e+000
  5.8964746e-001
 -1.5496053e+000
 -3.6955304e+000
 -5.0388633e+000
 -3.7759113e+000
  1.5062121e-001
  2.8345392e+000
  4.3757277e+000
  2.4326973e+000
 -5.5608854e-001
 -3.4202199e+000
 -3.4507756e+000
 -1.0535967e+000
  9.1232295e-001
  1.1575588e+000
 -2.1568879e+000
 -5.1583183e+000
 -3.9516453e+000
  1.1632115e+000
  5.0924283e+000
  5.5771709e+000
  3.5089380e+000
 -1.7095135e+000
 -3.9611164e+000
 -3.4740572e+000
 -2.0528763e+000
  2.0498590e-001
  1.9886008e+000
  2.4663351e+000
  2.4827775e+000
  1.2869962e+000
 -2.5482612e-001
  7.9239925e-002
 -1.9634806e+000
 -2.1693412e+000
 -2.6061878e+000
 -1.3350361e+000
  1.9755618e+000
  1.8984567e+000
  9.2713465e-001
 -1.1311491e+000
 -1.3586844e+000
 -4.9695641e-001
 -7.3715683e-001
  7.6542832e-002
  1.4947663e+000
  8.9075594e-001
 -6.6361033e-001
 -1.6597951e-001
 -2.3631354e-002
  9.9757577e-001
  2.7859601e+000
  3.6753058e+000
  3.8253406e+000
  1.4433289e+000
 -3.6920271e-001
 -1.1921116e-001
  1.3065398e+000
  3.5740246e+000
  1.7893182e+000
  1.8418887e-001
 -1.0262406e+000
 -1.2154367e+000
  4.4789768e-001
  1.5658969e+000
  2.2535383e+000
  7.1846453e-001
 -7.3260589e-001
 -9.4091970e-001
 -5.6314711e-001
 -4.0543697e-001
  9.3503491e-001
  3.1024883e+000
  3.6582423e+000
  9.5771634e-001
 -1.7173144e+000
 -3.0622074e+000
 -5.0408372e+000
 -4.2216626e+000
 -6.5845865e-001
  3.2877746e+000
  2.6991349e+000
  4.9967755e-001
 -7.3101737e-001
 -1.9682136e+000
 -1.2287972e+000
 -1.0058994e+000
  6.6345693e-001
  3.0683549e+000
  4.1816720e+000
  2.6588636e+000
 -4.8173343e-002
 -2.8545804e+000
 -4.0325936e+000
 -2.1973746e+000
  5.5184288e-001
  2.6329199e+000
  3.7703487e+000
  3.2482158e+000
  1.3100732e+000
  2.2650059e-002
 -9.6633071e-001
 -2.5375031e+000
 -2.5386465e+000
  6.9908768e-001
  2.7167748e+000
  1.7149701e+000
  1.7509067e-001
 -1.6126798e+000
 -1.3508332e+000
  7.8969400e-001
  2.0113321e+000
  2.9097789e+000
  1.7372993e+000
 -6.5161622e-001
 -3.6833786e+000
 -4.6153997e+000
 -1.4772943e+000
  2.1382293e+000
  3.2653743e+000
  1.8185351e+000
 -8.0599916e-001
 -1.6274379e+000
 -1.4052000e+000
 -2.8261043e-001
  9.4411154e-001
  1.3187397e+000
 -7.2842742e-001
 -6.3058911e-001
 -1.7982526e+000
 -4.4085052e+000
 -4.6021037e+000
 -1.5619788e+000
  1.7079056e+000
  3.1757124e+000
  2.5038904e+000
  1.0041826e+000
 -3.5297979e-001
 -4.8090599e-001
 -1.0827949e+000
 -1.9354580e+000
 -7.6103500e-001
  2.8710232e-001
  2.8060872e-001
 -1.0250650e+000
 -2.5684864e+000
 -2.8188989e+000
 -9.3898988e-001
 -8.9020829e-003
  2.2741097e+000
  4.3908686e+000
  4.9925361e+000
  2.9024390e+000
 -7.7571984e-001
 -2.2873778e+000
 -2.2610659e+000
 -7.4304678e-001
  1.9518628e+000
  1.3099019e+000
  1.2449569e+000
  1.2911733e-002
 -2.7126700e+000
 -3.7323735e+000
 -3.4747925e+000
 -2.2745035e+000
 -1.0390009e+000
  1.1354125e+000
  1.5416577e+000
  4.7057347e-001
 -5.0530321e-001
 -2.3959052e+000
 -1.7519306e+000
 -2.9351963e+000
 -2.7054719e+000
 -1.6680717e+000
  7.7884823e-001
  2.7493210e+000
  3.4634875e+000
  1.6767266e+000
  1.1841422e+000
 -3.2596024e-001
 -1.3705762e+000
 -2.1753955e+000
 -3.8347613e-001
  3.1879206e-001
 -7.1454378e-001
 -1.4799145e+000
  7.5236634e-001
  1.8893120e+000
  1.0436258e+000
 -1.9128705e-001
 -8.6323838e-001
 -1.2373930e+000
 -3.9314127e-001
 -1.0396779e+000
 -2.4375377e+000
 -5.8161478e+000
 -5.3475971e+000
 -6.5240338e-001
  3.7392907e+000
  5.4105370e+000
  4.7030395e+000
  1.2619976e+000
 -2.8108198e+000
 -4.3292288e+000
 -2.5077520e+000
  1.3749993e+000
  2.6672568e+000
  2.0414066e+000
 -1.4439764e+000
 -3.6848263e+000
 -4.2823805e+000
 -2.0386119e+000
  1.3266578e+000
  4.3147348e+000
  5.7541367e+000
  5.3081677e+000
  9.8641182e-002
 -4.1378115e+000
 -6.6271746e+000
 -4.3484950e+000
 -7.7359086e-001
  1.8969720e+000
  2.4680451e+000
  6.8928423e-001
 -1.4898494e+000
 -1.3666945e+000
  2.2654554e-001
  1.5003452e+000
  1.4665575e+000
 -2.4600273e+000
 -4.9463897e+000
 -3.9511930e+000
 -6.1082067e-001
  2.7246459e+000
  2.8935524e+000
  1.3799032e+000
 -1.3126088e+000
 -1.5861883e+000
  4.3706578e-001
  2.7274512e+000
  2.9821953e+000
  2.2270445e+000
 -4.6450505e-001
 -9.9357224e-001
 -1.1573329e-001
  2.7165120e-001
  1.0713653e+000
  1.0726204e+000
  1.1022515e+000
 -1.6235511e-001
 -8.5449248e-001
 -1.6376293e+000
 -2.7302200e+000
 -2.8344955e+000
 -1.8826918e+000
  6.5818724e-001
  1.2916377e+000
  1.7373638e+000
  2.4684173e-001
 -3.6585874e-002
 -1.6014279e-001
 -3.1879282e-001
 -1.4790647e+000
 -2.7662623e+000
 -2.5437399e+000
  2.7383725e-001
  2.4673017e+000
  1.9070172e+000
  1.3195608e+000
  3.0349052e-002
 -1.6131833e-001
 -7.8515967e-001
 -6.7920062e-001
 -1.6345963e+000
 -2.3574843e+000
 -9.7995927e-001
  1.1953286e+000
  3.5127073e+000
  4.0089117e+000
  2.4369415e+000
  5.8410738e-001
 -4.3196679e-001
  1.0681263e-001
  2.0681863e+000
  3.3022165e+000
  2.3736286e+000
 -9.8111832e-001
 -3.8338949e+000
 -4.9059451e+000
 -3.7021350e+000
  7.2680067e-001
  3.0054159e+000
  3.9051164e+000
  1.0517190e+000
 -2.1261352e+000
 -3.6413341e+000
 -3.4750390e+000
 -4.6013114e-001
  1.8961375e+000
  4.0246845e+000
  2.9204091e+000
 -7.3042056e-001
 -2.6881851e+000
 -9.3546114e-001
  2.3251298e+000
  4.7924878e+000
  4.8654359e+000
  3.9946968e+000
  2.5168927e+000
 -3.4736875e-001
 -2.3373052e+000
 -3.5766768e+000
 -2.8121177e+000
  1.1026359e-001
  2.8261016e+000
  2.4918462e+000
  2.1349597e+000
  1.7038221e+000
  1.6146438e+000
  9.9160060e-001
  9.2572603e-001
  8.8803669e-001
  9.3132278e-001
  4.0344755e-001
 -6.0947156e-001
 -2.4680121e+000
 -2.7700079e+000
 -2.1748653e+000
 -1.2547074e+000
 -1.9447217e-001
  1.1826741e+000
  2.9243929e-001
 -4.0445896e-001
 -1.0721684e+000
 -2.7675469e+000
 -5.0992715e+000
 -3.3544043e+000
 -5.7813013e-001
  2.6434342e+000
  4.1087034e+000
  2.5370050e+000
  7.2158780e-001
 -3.1787820e-001
 -8.2929179e-001
  1.9558333e-001
  1.3009668e+000
  2.2373183e+000
  6.3730428e-001
  7.3751423e-002
 -2.1645898e+000
 -3.3036463e+000
 -1.8400567e+000
 -1.2601677e-001
  1.7959558e+000
  2.9546247e+000
  1.6724235e+000
  5.1772262e-001
 -4.2922696e-001
 -9.2243056e-001
  1.0264877e-001
  6.9721164e-001
 -2.1049207e-001
 -2.2444408e-001
  6.2228758e-001
  1.8289512e-001
  1.1841761e+000
  2.3970792e-001
 -1.5168156e+000
 -1.5884185e+000
 -2.9599842e+000
 -3.8089882e+000
 -2.8357934e+000
  6.5357981e-001
  4.5164953e+000
  4.3875991e+000
  1.2523536e+000
 -1.5799015e+000
 -2.0609709e+000
  1.2261178e+000
  3.5671815e+000
  4.3550000e+000
  2.2273819e+000
 -1.6813143e+000
 -3.8118196e+000
 -3.2254323e+000
 -1.8224894e+000
  1.4662850e+000
  4.7624537e+000
  5.2767433e+000
  4.2380268e+000
  5.8808939e-001
 -4.0273206e+000
 -6.8914182e+000
 -5.1025475e+000
 -1.2584297e+000
  2.9772574e+000
  5.8894305e+000
  5.6257137e+000
  2.9948548e+000
 -2.4420108e+000
 -6.0592134e+000
 -5.9580589e+000
 -1.1302655e+000
  3.5762880e+000
  3.8939535e+000
  3.7032423e+000
  2.0546490e+000
 -3.6871315e-001
 -2.6167499e+000
 -1.8210724e+000
 -1.0426070e+000
  2.3397165e+000
  3.6406655e+000
  1.7672509e+000
 -2.0526782e+000
 -4.3571294e+000
 -3.8346010e+000
 -1.7327735e+000
  1.8860749e-001
  2.2111975e+000
