0.000000e+000
0.000000e+000
0.000000e+000
0.000000e+000
3.147888e-002
7.937622e-002
1.045532e-001
1.639404e-001
2.897949e-001
3.732910e-001
2.836914e-001
2.791748e-001
3.056641e-001
2.752686e-001
3.109131e-001
4.554443e-001
5.166016e-001
5.036621e-001
4.616699e-001
4.946289e-001
5.175781e-001
5.068359e-001
5.009766e-001
5.759277e-001
7.041016e-001
6.494141e-001
5.876465e-001
6.533203e-001
7.675781e-001
7.497559e-001
7.414551e-001
7.619629e-001
9.331055e-001
1.107422e+000
8.542480e-001
8.015137e-001
9.577637e-001
1.108887e+000
1.072266e+000
1.080566e+000
1.016602e+000
9.804688e-001
9.948730e-001
9.924316e-001
9.409180e-001
9.868164e-001
1.173828e+000
1.194824e+000
1.159180e+000
1.221680e+000
1.236816e+000
1.507813e+000
1.576172e+000
1.389648e+000
1.387207e+000
1.389648e+000
1.262695e+000
1.267578e+000
1.259277e+000
1.128906e+000
1.127930e+000
1.107422e+000
1.148438e+000
1.132324e+000
1.093750e+000
1.144531e+000
1.110352e+000
1.103516e+000
1.120605e+000
1.098633e+000
1.100586e+000
1.067383e+000
1.062500e+000
1.060059e+000
1.136230e+000
1.216797e+000
1.161621e+000
1.164551e+000
1.263184e+000
1.384277e+000
1.368164e+000
1.371094e+000
1.317871e+000
1.342773e+000
1.294434e+000
1.285645e+000
1.382324e+000
1.367188e+000
1.295410e+000
1.298828e+000
1.371094e+000
1.329102e+000
1.394043e+000
1.386719e+000
1.381836e+000
1.305176e+000
1.310059e+000
1.300781e+000
1.298340e+000
1.308594e+000
1.298828e+000
1.300293e+000
1.290039e+000
1.262207e+000
1.254395e+000
1.358887e+000
1.459473e+000
1.431152e+000
1.485840e+000
1.497070e+000
1.463867e+000
1.454590e+000
1.498047e+000
1.471680e+000
1.499023e+000
1.489746e+000
1.492188e+000
1.491211e+000
1.487305e+000
1.518066e+000
1.583008e+000
1.324219e+000
1.220703e+000
1.144531e+000
1.161621e+000
1.188965e+000
1.195313e+000
1.197266e+000
1.179688e+000
1.179688e+000
1.198242e+000
1.227539e+000
1.153809e+000
1.167969e+000
1.165527e+000
1.220703e+000
1.268066e+000
1.258301e+000
1.308105e+000
1.341797e+000
1.384277e+000
1.310059e+000
1.293457e+000
1.266113e+000
1.323242e+000
1.264648e+000
1.264160e+000
1.192383e+000
1.202637e+000
1.198242e+000
1.232422e+000
1.177734e+000
1.239746e+000
1.231445e+000
1.199219e+000
1.175293e+000
1.179199e+000
1.221191e+000
1.321289e+000
1.285645e+000
1.265625e+000
1.292480e+000
1.263672e+000
1.363281e+000
1.362305e+000
1.400879e+000
1.497070e+000
1.356934e+000
1.322754e+000
1.326172e+000
1.144043e+000
1.351563e+000
1.323730e+000
1.323242e+000
1.317871e+000
1.249512e+000
1.272949e+000
1.152832e+000
1.282715e+000
1.206543e+000
1.201660e+000
1.198242e+000
1.187012e+000
1.179199e+000
1.156250e+000
1.193359e+000
1.185059e+000
1.189453e+000
1.220215e+000
1.239746e+000
1.309082e+000
1.270508e+000
1.296387e+000
1.305176e+000
1.443848e+000
1.314941e+000
1.327148e+000
1.318848e+000
1.291016e+000
1.329590e+000
1.302734e+000
1.300293e+000
1.305176e+000
1.296875e+000
1.290527e+000
1.280273e+000
1.250977e+000
1.244141e+000
1.252441e+000
1.240723e+000
1.187500e+000
1.184082e+000
1.156250e+000
1.196289e+000
1.183105e+000
1.183105e+000
1.171875e+000
1.232910e+000
1.276855e+000
1.291504e+000
1.273926e+000
1.273926e+000
1.269531e+000
1.253906e+000
1.264648e+000
1.270996e+000
1.240723e+000
1.240723e+000
1.273438e+000
1.213379e+000
1.313965e+000
1.250000e+000
1.274414e+000
1.274902e+000
1.281738e+000
1.274414e+000
1.282715e+000
1.286621e+000
1.250000e+000
1.228027e+000
1.246582e+000
1.211914e+000
1.210449e+000
1.173828e+000
1.162598e+000
1.171875e+000
1.222656e+000
1.175293e+000
1.160645e+000
1.159180e+000
1.156250e+000
1.128906e+000
1.117676e+000
1.120117e+000
1.159180e+000
1.257324e+000
1.173828e+000
1.183594e+000
1.184570e+000
1.182617e+000
1.154297e+000
1.193848e+000
1.181152e+000
1.283203e+000
1.155762e+000
1.146973e+000
1.149414e+000
1.125977e+000
1.125977e+000
1.120117e+000
1.087402e+000
1.104492e+000
1.108887e+000
1.121094e+000
1.127441e+000
1.106445e+000
1.102539e+000
1.068359e+000
1.066895e+000
1.114258e+000
1.201172e+000
1.139648e+000
1.151855e+000
1.179199e+000
1.241699e+000
1.266602e+000
1.381348e+000
1.311523e+000
1.311523e+000
1.291992e+000
1.302734e+000
1.292480e+000
1.297363e+000
1.281738e+000
1.292480e+000
1.304688e+000
1.104492e+000
1.113281e+000
1.137207e+000
1.212891e+000
1.266602e+000
1.235352e+000
1.268066e+000
1.214355e+000
1.167969e+000
1.249023e+000
1.251953e+000
1.208008e+000
1.244629e+000
1.106934e+000
1.092773e+000
1.071289e+000
1.078125e+000
1.083984e+000
1.086426e+000
1.078613e+000
1.083496e+000
1.125977e+000
1.163574e+000
1.257324e+000
1.189453e+000
1.206055e+000
1.211914e+000
1.237793e+000
1.222168e+000
1.178223e+000
1.177246e+000
1.167480e+000
1.156250e+000
1.158691e+000
1.179688e+000
1.200684e+000
1.158691e+000
1.151367e+000
1.145508e+000
1.151367e+000
1.134277e+000
1.109863e+000
1.097656e+000
1.097656e+000
1.081055e+000
1.071289e+000
1.071289e+000
1.070313e+000
1.069336e+000
1.063965e+000
1.067871e+000
1.090820e+000
1.099609e+000
1.086914e+000
1.099121e+000
1.028809e+000
1.125488e+000
1.156250e+000
1.151367e+000
1.159668e+000
1.181641e+000
1.196289e+000
1.160645e+000
1.161621e+000
1.200684e+000
1.197754e+000
1.219727e+000
1.212891e+000
1.187500e+000
1.187500e+000
1.186523e+000
1.216309e+000
1.185059e+000
1.178711e+000
1.190918e+000
1.190918e+000
1.174316e+000
1.172852e+000
1.196289e+000
1.189453e+000
1.099609e+000
1.091309e+000
1.120117e+000
1.127441e+000
1.109863e+000
1.079102e+000
1.076660e+000
1.070801e+000
1.097168e+000
1.167969e+000
1.231445e+000
1.226074e+000
1.175293e+000
1.155273e+000
1.152832e+000
1.164551e+000
1.170410e+000
1.170410e+000
1.171875e+000
1.181641e+000
1.190430e+000
1.256836e+000
1.336426e+000
1.217285e+000
1.178223e+000
1.172363e+000
1.209961e+000
1.293457e+000
1.230469e+000
1.198242e+000
1.206055e+000
1.158691e+000
1.145020e+000
1.139648e+000
1.138184e+000
1.141113e+000
1.145020e+000
1.148926e+000
1.148926e+000
1.145996e+000
1.142578e+000
1.142090e+000
1.144531e+000
1.142090e+000
1.141113e+000
1.138672e+000
1.127441e+000
1.139160e+000
1.107910e+000
1.076660e+000
1.127930e+000
1.224121e+000
1.269531e+000
1.263672e+000
1.276855e+000
1.314453e+000
1.387207e+000
1.337402e+000
1.323730e+000
1.342285e+000
1.295410e+000
1.236816e+000
1.240723e+000
1.300293e+000
1.390137e+000
1.500000e+000
1.382813e+000
1.375488e+000
1.326172e+000
1.310547e+000
1.333008e+000
1.335449e+000
1.337402e+000
1.334473e+000
1.336914e+000
1.353516e+000
1.338379e+000
1.330078e+000
1.333984e+000
1.343750e+000
1.354492e+000
1.360352e+000
1.356445e+000
1.346191e+000
1.331055e+000
1.323730e+000
1.249023e+000
1.215820e+000
1.192871e+000
1.153320e+000
1.153809e+000
1.120605e+000
1.114746e+000
1.110352e+000
1.104004e+000
1.122559e+000
1.075195e+000
1.083984e+000
1.111328e+000
1.134766e+000
1.192383e+000
1.173828e+000
1.170898e+000
1.132324e+000
1.137207e+000
1.138184e+000
1.216797e+000
1.217773e+000
1.285156e+000
1.251953e+000
1.268066e+000
1.237305e+000
1.190918e+000
1.204102e+000
1.159180e+000
1.168945e+000
1.179199e+000
1.154785e+000
1.253418e+000
1.269531e+000
1.274414e+000
1.231934e+000
1.233398e+000
1.234375e+000
1.215820e+000
1.221680e+000
1.187012e+000
1.200195e+000
1.213379e+000
1.198730e+000
1.187012e+000
1.192871e+000
1.230469e+000
1.194336e+000
1.207031e+000
1.208008e+000
1.197266e+000
1.225586e+000
1.217285e+000
1.218750e+000
1.237793e+000
1.235840e+000
1.262695e+000
1.274414e+000
1.266602e+000
1.232910e+000
1.222168e+000
1.225098e+000
1.200684e+000
1.172852e+000
1.171875e+000
1.159180e+000
1.151855e+000
1.166016e+000
1.181641e+000
1.188965e+000
1.166016e+000
1.166504e+000
1.156250e+000
1.123535e+000
1.104980e+000
1.150879e+000
1.208496e+000
1.256836e+000
1.249512e+000
1.242188e+000
1.261230e+000
1.312988e+000
1.296387e+000
1.344238e+000
1.352051e+000
1.357422e+000
1.346191e+000
1.356934e+000
1.369141e+000
1.301758e+000
1.281738e+000
1.328125e+000
1.192383e+000
1.342285e+000
1.273438e+000
1.264648e+000
1.265137e+000
1.255371e+000
1.261230e+000
1.268066e+000
1.260254e+000
1.290039e+000
1.229004e+000
1.232422e+000
1.200195e+000
1.170898e+000
1.168457e+000
1.125977e+000
1.142090e+000
1.162598e+000
1.169922e+000
1.165039e+000
1.156250e+000
1.170410e+000
1.125000e+000
1.124512e+000
1.127441e+000
1.161621e+000
1.133789e+000
1.129883e+000
1.175293e+000
1.321289e+000
1.315918e+000
1.222168e+000
1.220215e+000
1.279297e+000
1.209961e+000
1.227539e+000
1.234863e+000
1.215820e+000
1.208008e+000
1.227051e+000
1.211914e+000
1.146484e+000
1.219238e+000
1.179199e+000
1.094238e+000
1.088379e+000
1.211914e+000
1.407715e+000
1.256348e+000
1.192871e+000
1.217773e+000
1.315430e+000
1.309082e+000
1.309570e+000
1.310547e+000
1.352539e+000
1.344238e+000
1.343262e+000
1.335938e+000
1.332520e+000
1.312500e+000
1.364746e+000
1.326660e+000
1.276855e+000
1.208984e+000
1.214844e+000
1.199707e+000
1.183105e+000
1.176758e+000
1.188965e+000
1.180664e+000
1.182129e+000
1.157715e+000
1.147949e+000
1.130859e+000
1.131836e+000
1.131348e+000
1.164063e+000
1.230469e+000
1.331055e+000
1.238770e+000
1.259766e+000
1.250000e+000
1.247070e+000
1.295898e+000
1.155762e+000
1.180664e+000
1.180664e+000
1.178223e+000
1.149414e+000
1.151367e+000
1.175293e+000
1.137695e+000
1.138672e+000
1.132813e+000
1.133301e+000
1.138184e+000
1.129883e+000
1.162598e+000
1.208008e+000
1.117676e+000
1.120117e+000
1.133301e+000
1.312988e+000
1.284668e+000
1.184082e+000
1.176758e+000
1.062012e+000
1.085938e+000
1.095703e+000
1.106934e+000
1.091797e+000
1.121582e+000
1.104004e+000
1.125000e+000
1.202148e+000
1.203125e+000
1.202637e+000
1.203125e+000
1.239746e+000
1.201172e+000
1.209961e+000
1.211426e+000
1.266113e+000
1.313965e+000
1.314453e+000
1.336914e+000
1.336914e+000
1.360840e+000
1.350586e+000
1.235840e+000
1.231445e+000
1.174805e+000
1.190918e+000
1.189453e+000
1.166504e+000
1.139160e+000
1.138184e+000
1.190430e+000
1.188965e+000
1.180176e+000
1.198730e+000
1.257324e+000
1.164551e+000
1.183594e+000
1.157227e+000
1.154785e+000
1.155762e+000
1.140625e+000
1.148438e+000
1.150391e+000
1.149902e+000
1.149902e+000
1.112305e+000
1.092773e+000
1.114746e+000
1.219727e+000
1.276367e+000
1.189941e+000
1.200195e+000
1.194824e+000
1.201172e+000
1.229492e+000
1.236328e+000
1.231445e+000
1.238770e+000
1.259277e+000
1.224609e+000
1.228027e+000
1.224609e+000
1.218262e+000
1.241211e+000
1.261230e+000
1.219727e+000
1.239258e+000
1.238770e+000
1.310059e+000
1.391602e+000
1.294922e+000
1.259277e+000
1.241699e+000
1.242676e+000
1.229980e+000
1.213867e+000
1.147949e+000
1.183105e+000
1.171875e+000
1.171387e+000
1.200684e+000
1.291504e+000
1.333008e+000
1.354492e+000
1.333496e+000
1.316895e+000
1.293457e+000
1.293457e+000
1.307617e+000
1.259277e+000
1.347656e+000
1.338867e+000
1.333496e+000
1.291016e+000
1.299805e+000
1.324707e+000
1.259766e+000
1.317871e+000
1.298828e+000
1.299805e+000
1.316895e+000
1.249023e+000
1.254883e+000
1.246094e+000
1.251465e+000
1.188477e+000
1.187500e+000
1.162109e+000
1.161133e+000
1.160645e+000
1.166992e+000
1.156250e+000
1.167969e+000
1.199219e+000
1.374512e+000
1.236328e+000
1.007813e+000
1.013672e+000
1.092773e+000
1.314453e+000
1.217285e+000
1.206055e+000
1.197266e+000
1.176758e+000
1.151367e+000
1.117188e+000
1.130371e+000
1.070313e+000
1.077148e+000
1.200684e+000
1.217773e+000
1.216309e+000
1.240234e+000
1.380371e+000
1.512695e+000
1.145996e+000
1.149902e+000
1.296387e+000
1.265137e+000
1.423340e+000
1.427246e+000
1.396973e+000
1.327637e+000
1.320313e+000
1.286133e+000
1.263672e+000
1.264160e+000
1.256836e+000
1.166016e+000
1.203613e+000
1.229492e+000
1.248535e+000
1.248535e+000
1.191406e+000
1.208984e+000
1.194824e+000
1.163086e+000
1.125977e+000
1.133301e+000
1.148926e+000
1.224609e+000
1.193359e+000
1.179199e+000
1.165527e+000
1.166504e+000
1.169922e+000
1.170898e+000
1.186035e+000
1.172363e+000
1.171875e+000
1.185059e+000
1.233398e+000
1.273438e+000
1.291504e+000
1.253418e+000
1.239746e+000
1.255859e+000
1.222168e+000
1.227051e+000
1.227051e+000
1.227539e+000
1.235352e+000
1.270020e+000
1.275391e+000
1.197754e+000
1.198242e+000
1.157227e+000
1.199707e+000
1.196777e+000
1.197266e+000
1.199219e+000
1.196777e+000
1.215820e+000
1.243652e+000
1.206055e+000
1.193359e+000
1.225098e+000
1.270996e+000
1.275879e+000
1.303711e+000
1.310547e+000
1.301270e+000
1.304688e+000
1.332520e+000
1.293945e+000
1.214844e+000
1.228027e+000
1.308105e+000
1.358887e+000
1.224609e+000
1.202637e+000
1.257813e+000
1.157227e+000
1.163574e+000
1.172363e+000
1.255859e+000
1.203613e+000
1.210449e+000
1.260742e+000
1.221680e+000
1.182129e+000
1.167969e+000
1.084961e+000
1.068848e+000
1.134277e+000
1.300781e+000
1.499023e+000
1.500488e+000
1.436523e+000
1.435059e+000
1.458496e+000
1.420410e+000
1.355957e+000
1.356445e+000
1.286133e+000
1.362305e+000
1.399414e+000
1.430664e+000
1.429199e+000
1.443359e+000
1.448242e+000
1.453613e+000
1.447754e+000
1.443359e+000
1.458984e+000
1.440430e+000
1.441895e+000
1.449707e+000
1.449219e+000
1.447266e+000
1.410156e+000
1.410645e+000
1.413086e+000
1.446289e+000
1.550293e+000
1.281250e+000
1.318359e+000
1.309082e+000
1.317871e+000
1.263184e+000
1.318848e+000
1.329102e+000
1.328125e+000
1.310547e+000
1.312012e+000
1.329590e+000
1.269043e+000
1.282227e+000
1.279785e+000
1.300293e+000
1.247559e+000
1.265137e+000
1.263672e+000
1.284668e+000
1.243164e+000
1.271484e+000
1.273438e+000
1.273438e+000
1.255859e+000
1.255371e+000
1.241211e+000
1.238770e+000
1.235352e+000
1.226074e+000
1.231445e+000
1.205566e+000
1.201172e+000
1.188477e+000
1.259277e+000
1.329590e+000
1.308594e+000
1.207031e+000
1.225586e+000
1.174805e+000
1.188965e+000
1.209473e+000
1.182129e+000
1.083008e+000
1.094238e+000
1.204102e+000
1.205078e+000
1.175293e+000
1.168945e+000
1.190430e+000
1.278809e+000
1.232910e+000
1.273438e+000
1.326660e+000
1.487305e+000
1.340820e+000
1.331055e+000
1.406250e+000
1.339844e+000
1.514648e+000
1.497559e+000
1.515625e+000
1.442383e+000
1.487305e+000
1.374023e+000
1.344727e+000
1.395020e+000
1.294434e+000
1.335449e+000
1.196777e+000
1.370117e+000
1.356934e+000
1.340332e+000
1.344238e+000
1.270996e+000
1.301270e+000
1.252930e+000
1.244629e+000
1.187012e+000
1.153320e+000
1.166016e+000
1.229492e+000
1.311523e+000
1.337402e+000
