-9.765625e-001
-9.765625e-001
-9.765625e-001
-9.765625e-001
-9.765625e-001
-9.765625e-001
-9.765625e-001
-8.046875e-001
-8.046875e-001
-8.046875e-001
-8.046875e-001
-8.046875e-001
-8.046875e-001
-8.046875e-001
-8.046875e-001
-4.179688e-001
-4.179688e-001
-4.179688e-001
-4.179688e-001
-4.179688e-001
-4.179688e-001
-1.757813e-001
-1.757813e-001
-1.757813e-001
-1.757813e-001
7.031250e-002
7.031250e-002
7.031250e-002
7.031250e-002
3.164063e-001
3.164063e-001
3.164063e-001
3.164063e-001
5.390625e-001
5.390625e-001
5.390625e-001
6.406250e-001
6.406250e-001
7.343750e-001
7.343750e-001
8.125000e-001
8.125000e-001
8.750000e-001
9.062500e-001
9.296875e-001
9.531250e-001
9.687500e-001
9.765625e-001
9.843750e-001
9.921875e-001
9.921875e-001
9.843750e-001
9.843750e-001
9.765625e-001
9.687500e-001
9.531250e-001
9.296875e-001
9.062500e-001
8.750000e-001
8.125000e-001
8.125000e-001
7.343750e-001
7.343750e-001
6.406250e-001
6.406250e-001
5.390625e-001
5.390625e-001
5.390625e-001
3.164063e-001
3.164063e-001
3.164063e-001
3.164063e-001
7.031250e-002
7.031250e-002
7.031250e-002
7.031250e-002
-1.757813e-001
-1.757813e-001
-1.757813e-001
-1.757813e-001
-4.179688e-001
-4.179688e-001
-4.179688e-001
-4.179688e-001
-4.179688e-001
-4.179688e-001
-8.046875e-001
-8.046875e-001
-8.046875e-001
-8.046875e-001
-8.046875e-001
-8.046875e-001
-8.046875e-001
-8.046875e-001
-9.765625e-001
-9.765625e-001
-9.765625e-001
-9.765625e-001
-9.765625e-001
-9.765625e-001
