 -3.1415927e+000
 -3.0787608e+000
 -3.0159289e+000
 -2.9530971e+000
 -2.8902652e+000
 -2.8274334e+000
 -2.7646015e+000
 -2.7017697e+000
 -2.6389378e+000
 -2.5761060e+000
 -2.5132741e+000
 -2.4504423e+000
 -2.3876104e+000
 -2.3247786e+000
 -2.2619467e+000
 -2.1991149e+000
 -2.1362830e+000
 -2.0734512e+000
 -2.0106193e+000
 -1.9477874e+000
 -1.8849556e+000
 -1.8221237e+000
 -1.7592919e+000
 -1.6964600e+000
 -1.6336282e+000
 -1.5707963e+000
 -1.5079645e+000
 -1.4451326e+000
 -1.3823008e+000
 -1.3194689e+000
 -1.2566371e+000
 -1.1938052e+000
 -1.1309734e+000
 -1.0681415e+000
 -1.0053096e+000
 -9.4247780e-001
 -8.7964594e-001
 -8.1681409e-001
 -7.5398224e-001
 -6.9115038e-001
 -6.2831853e-001
 -5.6548668e-001
 -5.0265482e-001
 -4.3982297e-001
 -3.7699112e-001
 -3.1415927e-001
 -2.5132741e-001
 -1.8849556e-001
 -1.2566371e-001
 -6.2831853e-002
  0.0000000e+000
  6.2831853e-002
  1.2566371e-001
  1.8849556e-001
  2.5132741e-001
  3.1415927e-001
  3.7699112e-001
  4.3982297e-001
  5.0265482e-001
  5.6548668e-001
  6.2831853e-001
  6.9115038e-001
  7.5398224e-001
  8.1681409e-001
  8.7964594e-001
  9.4247780e-001
  1.0053096e+000
  1.0681415e+000
  1.1309734e+000
  1.1938052e+000
  1.2566371e+000
  1.3194689e+000
  1.3823008e+000
  1.4451326e+000
  1.5079645e+000
  1.5707963e+000
  1.6336282e+000
  1.6964600e+000
  1.7592919e+000
  1.8221237e+000
  1.8849556e+000
  1.9477874e+000
  2.0106193e+000
  2.0734512e+000
  2.1362830e+000
  2.1991149e+000
  2.2619467e+000
  2.3247786e+000
  2.3876104e+000
  2.4504423e+000
  2.5132741e+000
  2.5761060e+000
  2.6389378e+000
  2.7017697e+000
  2.7646015e+000
  2.8274334e+000
  2.8902652e+000
  2.9530971e+000
  3.0159289e+000
  3.0787608e+000
