0.000000e+000
-9.800000e-001
-9.800000e-001
-9.800000e-001
-9.800000e-001
-9.600000e-001
-9.300000e-001
-9.300000e-001
-8.900000e-001
-8.500000e-001
-8.500000e-001
-8.000000e-001
-8.000000e-001
-7.400000e-001
-6.700000e-001
-6.700000e-001
-5.900000e-001
-5.000000e-001
-5.000000e-001
-4.200000e-001
-3.200000e-001
-3.200000e-001
-2.300000e-001
-2.300000e-001
-1.300000e-001
-3.000000e-002
-3.000000e-002
8.000000e-002
1.700000e-001
1.700000e-001
2.700000e-001
2.700000e-001
3.600000e-001
4.600000e-001
4.600000e-001
5.400000e-001
6.200000e-001
6.200000e-001
6.900000e-001
6.900000e-001
7.700000e-001
8.200000e-001
8.200000e-001
8.800000e-001
9.200000e-001
9.200000e-001
9.600000e-001
9.600000e-001
9.800000e-001
1.000000e+000
1.000000e+000
1.000000e+000
1.000000e+000
1.000000e+000
9.800000e-001
9.600000e-001
9.600000e-001
9.200000e-001
9.200000e-001
8.800000e-001
8.200000e-001
8.200000e-001
7.700000e-001
6.900000e-001
6.900000e-001
6.200000e-001
6.200000e-001
5.400000e-001
4.600000e-001
4.600000e-001
3.600000e-001
2.700000e-001
2.700000e-001
1.700000e-001
1.700000e-001
8.000000e-002
-3.000000e-002
-3.000000e-002
-1.300000e-001
-2.300000e-001
-2.300000e-001
-3.200000e-001
-3.200000e-001
-4.200000e-001
-5.000000e-001
-5.000000e-001
-5.900000e-001
-6.700000e-001
-6.700000e-001
-7.400000e-001
-8.000000e-001
-8.000000e-001
-8.500000e-001
-8.500000e-001
-8.900000e-001
-9.300000e-001
-9.300000e-001
-9.600000e-001
-9.800000e-001
-9.800000e-001
